300
3600
45
480
45
240
480
300
900
90
10
420
150
3600
600
120
5
12
300
60
7200
7200
2
900
2700
7
120
3600
1800
30
4
360
180
300
540
600
240
22
1200
1800
1
120
120
300
180
36
30
45
45
300
300
120
540
300
900
5
600
60
300
120
120
600
1
180
1200
30
5
60
600
900
300
5
120
180
300
300
17
20
45
900
1200
30
420
600
10
7200
3
30
780
300
600
180
18000
120
30
300
90
120
480
1200
300
15
25
300
180
14400
10
3600
30
300
240
600
180
120
360
300
120
60
5
4
2
2
12
720
60
180
10
900
5
10
300
600
120
1800
2
6
180
10
240
5
10800
1800
600
240
900
300
360
600
40
20
3600
300
5
30
4
600
7
5
60
15
3
30
180
10
30
480
600
110
7200
1800
180
300
30
25
2700
120
300
28
9
5
300
15
300
60
600
600
5
1200
3600
3600
60
7
15
1020
120
180
1200
660
20
240
600
1620
30
10
10
180
10
60
180
1
15
4
2
120
60
17
180
60
5
5
3
5
10
60
60
600
180
600
60
120
20
900
180
300
10
30
300
300
600
120
180
90
420
300
6
5
5
300
300
120
300
5
4
300
3600
10
1800
120
15
180
900
60
10
2700
52
7200
900
100
1200
30
300
5
2
180
5
60
60
75
20
900
120
240
180
30
180
10
5
900
1200
300
120
900
5
52
120
15
10
2100
5
180
3
600
12
90
300
600
120
15
480
300
10800
4
15
120
5
120
900
300
300
300
7200
5
20
900
120
300
120
8
60
45
1
5
30
300
120
4
10
300
240
180
10
300
60
3600
300
180
20
600
5
8
300
60
300
10
15
600
4
1500
70
600
180
900
5
900
300
10
1800
600
7
15
2
37
600
6
10
900
300
900
1200
300
120
3600
12
240
4
7200
300
120
45
5
5
30
480
120
300
300
480
120
60
60
60
120
300
300
120
15
1200
17
600
1800
300
2
3
10
180
30
300
420
1200
60
3600
2
300
420
360
25
300
180
600
3
5
5
3
60
2
600
120
300
3600
7200
1800
2
600
420
510
30
1800
1
1200
10
60
600
180
120
360
600
180
30
300
17
60
300
10
900
60
8
12
600
10
1200
30
1200
300
600
60
900
2
300
600
900
300
600
120
60
900
180
600
2
180
180
240
240
900
60
120
300
4
600
900
30
20
900
3
1200
20
300
2
240
180
600
180
240
3600
600
360
3600
900
30
4
90
1200
10
4
2
5
30
5
120
900
300
60
2
3600
300
720
10800
1
420
300
600
480
420
300
900
720
900
900
120
180
2
600
180
300
120
10
10800
3
120
300
60
3600
120
60
300
2
120
1
180
240
600
1200
2700
300
10
300
5
15
300
5
480
1200
60
300
180
300
300
300
300
180
300
30
240
4
300
60
300
180
180
120
120
180
120
300
300
60
300
300
240
300
1500
5
300
300
300
180
180
300
600
120
600
120
240
180
600
1800
240
45
45
5
6
2700
120
120
120
4
420
1800
1200
600
900
120
240
1200
15
900
300
3600
180
50
1020
720
720
2
7
5
30
120
45
600
420
1500
1200
480
600
600
600
60
240
600
600
60
600
180
120
30
900
600
300
10
60
300
300
12
120
50
120
1
60
75
20
3600
600
7200
15
60
900
360
300
180
360
240
15
2700
900
7
60
180
120
3600
180
900
180
600
120
30
1
5
300
300
10
20
45
600
600
180
7
300
2100
60
240
900
2400
3
3
1800
2
240
3600
3
3
1800
300
900
3600
120
600
3
60
1620
2
3600
60
1800
3
2
3600
30
180
30
40
900
30
15
420
60
360
300
300
900
60
300
1800
300
9
120
600
60
300
60
120
300
600
6
120
180
60
300
300
180
216
60
2
1800
600
120
2
60
60
120
2700
180
300
300
10
600
1200
900
60
10
600
1200
240
3600
900
1320
1200
60
720
60
1200
600
240
180
600
540
180
4
2
30
480
180
900
90
60
15
15
300
600
600
120
2
88
7
12
0
200
900
1800
300
2
60
300
45
60
120
1
2700
120
7200
600
300
60
300
720
180
3
1800
30
12
180
60
600
240
360
7200
7200
360
5
3600
15
15
3
300
180
180
300
300
60
2
2
600
12
2700
900
3600
10
300
120
10
120
60
12
600
30
5
600
300
2400
60
10
2
20
5
2
10
300
300
2700
300
4
