actor1countrycode|globaleventid|sqldate
255
355098
1610
230362055
4524
230362208
1623
3348143
674
59
1628
2012
677
678
679
7228
34336
1632
1634
30014
2663
680
682
5984
47719459
8460
1638
10353
683
8461
31753
5987
8464
2682
230362059
74
191729
18618212
704
78
108
7357
230362141
137
15503
244016
773
30949
1753
2796
802
146
54749
2811
830
839
7411
230363683
10584
9656
230362143
396871
848
151920
176
183
882
6219
184
230362108
1842
3799
230362076
21755
230362089
195
107161
5297
1873
230366693
52256
30209
257
3939
1983
1003
17602012
1998
2962
2002
267
268
2018
2019
277
1059
8847
280
287
3026
7711
1072
9863
3043
40682
323
204809
4065
2156
2157
2546139
340
2163
230363603
2165
52635
98959
230362120
230362492
9928
13649
6657
7868
12681
359
11106
6658
7870
13487
369
571647
14834
18415
6732
9979
4125
1175
2235
3176
4132
4868
23249148
230362124
230363108
2244
387
2245
10013
4146
391
65147
3188
11185
394
1197
395
4166
1211
32595
63134
396
179990792
2267
2271
38606
399
27420
8376729
423
33536
329880
2837629
2327
426
374721
230362160
438
2332
12076
112742
493889
230362368
2337
230364208
441
8048
305640553
33546
11306
4242
1268
1269
13835
444
447
8058
1279
82277
21156
448
145512
17301
1282
449
134733
273501446
1300
1321
1326
6873
515
541
548
76289
1477
554
580229
131039
5351018
24556
1014
7074
1501
230362140
568
