6
1
1
1
1
1
1
1
1
1
1
1
1
1
1
1
1
1
1
1
1
1
1
1
1
1
1
1
1
1
1
1
1
1
1
1
1
1
1
1
1
1
1
1
1
1
1
1
1
1
1
1
1
1
1
1
1
1
1
1
1
1
1
1
10
10
10
10
10
10
10
10
10
10
10
10
10
10
10
10
10
10
10
10
10
10
10
10
10
10
10
10
10
10
10
10
10
10
10
10
10
10
10
10
10
10
10
10
10
10
10
10
10
10
10
10
10
10
10
10
10
10
10
10
10
10
10
10
10
10
10
10
10
10
10
10
10
10
10
11
12
12
12
12
15
15
15
15
15
15
15
15
15
15
15
15
15
15
15
15
15
15
15
15
15
15
15
15
15
15
15
15
15
15
15
15
15
15
15
15
15
15
15
15
15
15
15
15
15
15
2
2
2
2
2
2
2
2
2
2
2
2
2
2
2
2
2
2
2
2
2
2
2
2
2
2
2
2
2
2
2
2
2
2
2
2
2
2
2
2
2
2
2
2
2
2
2
2
2
2
2
2
2
2
2
2
2
2
2
2
2
2
2
2
2
2
2
2
2
2
2
2
2
2
2
20
20
20
20
20
20
20
20
20
20
20
20
20
20
20
20
20
20
20
20
20
20
20
20
20
20
25
25
25
27
27
3
3
3
3
3
3
3
3
3
3
3
3
3
3
3
3
3
3
3
3
3
3
3
3
3
3
3
3
3
3
3
3
3
3
3
3
3
3
3
3
3
3
3
3
3
3
3
3
3
3
3
3
3
3
3
3
3
3
3
3
3
3
3
3
3
3
30
30
30
30
30
30
30
30
30
30
30
30
30
30
30
30
1
30
30
35
35
4
4
4
4
4
4
4
4
4
4
4
4
4
4
4
4
4
4
4
4
40
40
45
45
45
45
45
45
45
45
45
45
5
5
5
5
5
5
5
5
5
5
5
5
5
5
5
5
5
5
5
5
5
5
5
5
5
5
5
5
5
5
5
5
5
5
5
5
5
5
5
5
5
5
5
5
5
5
5
5
5
5
5
5
5
5
5
5
5
5
5
5
5
5
5
5
5
5
5
5
5
5
5
5
5
5
5
5
5
5
5
5
5
5
5
5
5
5
5
5
5
5
5
5
5
5
5
5
5
5
5
5
5
5
5
5
5
5
5
5
5
5
5
5
5
5
5
5
5
5
5
5
5
5
5
5
5
5
5
5
5
5
5
6
6
6
6
6
60
7
7
8
8
8
8
8
8
8
8
8
8
8
8
8
9
1
1
5
5
1
1
1
10
10
10
10
15
15
30
5
5
5
5
5
5
5
5
8
0.0166667
0.0166667
0.0166667
0.0166667
0.0166667
0.0166667
0.0166667
0.0166667
0.0166667
0.0166667
0.0166667
0.0166667
0.166667
0.166667
0.166667
0.166667
0.166667
0.166667
0.166667
0.166667
0.166667
0.166667
0.166667
0.166667
0.166667
0.166667
0.166667
0.166667
0.166667
0.166667
0.166667
0.166667
0.166667
0.166667
0.166667
0.166667
0.166667
0.166667
0.166667
0.166667
0.166667
0.166667
0.166667
0.166667
0.166667
0.166667
0.166667
0.166667
0.166667
0.166667
0.166667
0.166667
0.166667
0.166667
1.83333
0.2
0.2
0.2
0.25
0.25
0.25
0.25
0.25
0.25
0.25
0.25
0.25
0.25
0.25
0.25
0.25
0.25
0.25
0.25
0.25
0.25
0.25
0.25
0.25
0.25
0.25
0.25
3
3
0.0333333
0.0333333
0.0333333
0.0333333
0.0333333
0.0333333
0.0333333
0.0333333
0.0333333
0.0333333
0.0333333
0.0333333
0.0333333
0.0333333
0.0333333
0.0333333
0.0333333
0.0333333
0.0333333
0.0333333
0.0333333
0.0333333
0.0333333
0.0333333
0.0333333
0.0333333
0.0333333
0.0333333
0.0333333
0.333333
0.333333
0.333333
0.333333
0.333333
0.333333
0.333333
0.333333
0.333333
0.333333
0.333333
0.333333
0
0.416667
0.416667
0.416667
0.466667
0.05
0.05
0.05
0.05
0.05
0.05
0.05
0.05
0.05
0.05
0.05
0.05
0.05
0.05
0.05
0.05
0.05
0.05
0.05
0.05
0.05
0.5
0.5
0.5
0.5
0.5
0.5
0.5
0.5
0.5
0.5
0.5
0.5
0.5
0.5
0.5
0.5
0.5
0.5
0.5
0.5
0.5
0.5
0.5
0.5
0.5
0.5
0.5
0.5
0.5
0.5
0.5
0.5
0.5
0.5
0.6
0.0666667
0.0666667
0.0666667
0.0666667
0.0666667
0.0666667
0.0666667
0.0666667
0.0666667
0.0666667
0.0666667
0.0666667
0.666667
0.666667
0.75
0.75
0.75
0.75
0.75
0.75
0.75
0.75
0.75
0.75
0.75
0.75
0.75
0.75
0.0833333
0.0833333
0.0833333
0.0833333
0.0833333
0.0833333
0.0833333
0.0833333
0.0833333
0.0833333
0.0833333
0.0833333
0.0833333
0.0833333
0.0833333
0.0833333
0.0833333
0.0833333
0.0833333
0.0833333
0.0833333
0.0833333
0.0833333
0.0833333
0.0833333
0.0833333
0.0833333
0.0833333
0.0833333
0.0833333
0.0833333
0.0833333
0.0833333
0.0833333
0.0833333
0.0833333
0.0833333
0.0833333
0.0833333
0.0833333
0.0833333
0.0833333
0.0833333
0.0833333
0.0833333
0.0833333
0.0833333
0.0833333
0.0833333
0.833333
0.833333
0.1
0.1
0.1
0.1
1
1
0.116667
0.116667
1.16667
0.133333
0.133333
0.133333
0.133333
0.133333
1.46667
1.5
1.5
0.166667
1
0.166667
0.166667
0.0333333
0.5
1.5
60
60
60
60
60
60
60
60
60
60
60
60
60
60
60
60
60
60
60
60
60
60
60
60
120
120
120
120
120
120
120
120
120
120
120
120
180
180
180
240
300
60
