1
1
1
1
1
1
1
1
1
2
3
200
10
10
10
10
10
10
10
10
10
10
10
10
10
10
10
10
10
10
10
10
10
10
10
10
10
10
10
10
10
10
10
10
10
115
115
115
115
115
115
115
120
120
110
12
12
12
15
15
15
15
15
15
15
15
15
15
15
15
15
15
15
15
15
15
15
120
120
120
120
130
180
180
2
2
2
2
2
2
2
2
2
2
2
2
2
2
2
2
2
2
2
2
2
2
3
3
3
3
3
3
3
20
20
20
20
20
20
20
20
20
20
20
20
200
25
25
25
28
3
6
3
3
3
3
3
3
3
3
3
3
3
3
3
3
3
3
3
5
5
5
30
30
30
30
30
30
30
30
30
30
30
30
30
30
30
30
30
30
30
30
30
30
30
30
30
30
30
30
30
30
30
30
30
1
345
36
4
4
4
4
4
4
4
4
5
5
5
5
40
40
45
45
45
45
45
45
45
45
45
45
45
45
460
460
5
5
5
5
5
5
5
5
5
5
5
5
5
5
5
5
5
5
5
5
5
5
5
5
5
5
5
5
5
5
5
5
5
5
5
5
5
5
5
5
10
10
10
10
6
6
7
7
10
50
50
6
6
6
8
60
690
7
7
70
8
8
8
10
10
88
90
90
10
60
10
10
2
30
90
60
360
60
60
60
60
60
60
60
60
60
60
60
60
60
60
60
60
60
60
60
60
60
60
60
60
60
60
60
60
60
60
60
60
60
60
60
60
60
60
60
60
60
60
60
60
60
60
60
60
60
60
60
60
60
120
120
120
120
120
180
60
1500
60
300
60
300
60
300
600
600
600
600
600
600
600
600
600
600
600
600
600
600
600
600
600
600
600
600
600
600
600
600
600
600
600
600
600
600
600
600
600
600
600
600
600
600
600
600
600
600
600
600
600
600
600
600
600
600
600
600
600
600
600
600
600
600
600
600
600
600
600
600
600
600
600
600
600
600
6900
6900
6900
6900
7200
660
720
720
720
6900
900
900
900
900
900
900
900
900
900
900
900
900
900
900
900
900
900
900
900
900
900
900
900
900
900
900
900
900
900
900
900
900
900
900
900
900
900
900
900
900
900
900
900
900
7200
7200
120
120
120
120
120
120
120
120
120
120
120
120
120
120
120
120
120
120
120
120
120
120
120
120
120
120
120
120
120
120
120
120
120
120
120
120
120
120
120
120
120
120
120
120
120
120
120
120
120
120
120
120
120
120
120
120
120
120
120
120
120
120
180
180
180
180
180
180
180
180
240
300
300
300
120
300
1200
1200
1200
1200
1200
1200
1200
1200
1200
1200
1200
1200
1200
1200
1200
1200
1200
1200
1200
1200
1200
1200
1200
1200
1200
13500
12000
1500
1500
1500
1620
1620
180
180
180
180
180
180
180
180
180
180
180
180
180
180
180
180
180
180
180
180
180
180
180
180
180
180
180
180
180
180
180
180
180
180
180
180
180
180
180
180
180
180
180
180
180
180
180
180
180
180
180
180
180
180
180
180
240
240
300
300
300
300
300
300
300
180
360
1800
1800
1800
1800
1800
1800
1800
1800
1800
1800
1800
1800
1800
1800
1800
1800
1800
60
1800
1800
2100
2100
240
240
240
240
240
240
240
240
240
240
240
240
240
240
300
300
300
300
300
300
300
2400
2400
2700
2700
2700
2700
2700
2700
2700
2700
2700
2700
300
300
300
300
300
300
300
300
300
300
300
300
300
300
300
300
300
300
300
300
300
300
300
300
300
300
300
300
300
300
300
300
300
300
300
300
300
300
300
300
300
300
300
300
300
300
300
300
300
300
300
300
300
300
300
300
300
300
300
300
300
300
300
300
300
300
300
300
300
300
300
300
300
300
300
300
300
300
300
300
300
300
300
300
300
300
300
300
300
300
300
300
300
300
300
300
300
300
300
300
300
300
300
300
300
300
300
300
300
300
300
300
300
300
300
300
600
600
600
600
600
600
600
600
600
420
420
420
420
480
480
360
360
360
360
420
3600
420
420
480
480
480
480
480
480
480
480
480
480
600
600
480
3060
540
60
60
300
300
60
60
60
60
600
600
600
600
900
900
1800
300
300
300
300
300
300
300
300
480
360
360
360
360
360
360
360
360
360
360
360
360
360
360
360
360
360
360
720
720
720
720
720
1440
720
720
720
720
720
720
720
720
720
720
1440
720
1080
1080
1080
1080
1440
1800
360
