      1 1.   .
     36 10 000001
     74 10 0000060
      9 1 000001
     17 1 000003600
      2 1 000003600 
     58 1 0000060
      7 10.15 000001
      4 10.15 0000060
      2 10.20 000001
      1 10.200000060
      1 110 000001
      1 11 0000060
      1 1/200 000001
      1 1.2 000001
      3 12 000001
      5 1.2 000003600
      5 1.2 0000060
      3 12 0000060
      1 12.15 0000060
      1 1.25 0000060
      1 1.3 000001
      1 1.3 0000060
      1 1.4 000003600
     19 15 000001
      3 1.5 0000060
     45 15 0000060
      1 15 0000060 
      4 15.20 000001
      2 15.20 0000060
      1 15.30 000001
      1 1  6 0000060
      2 180 000001
      1 200 000001
     12 20 000001
     22 20 0000060
      3 20 0000060 
     22 2 000001
      1 2  000001
      8 2 000003600
      1 2 000003600 
      1 2 000003600  
     61 2 0000060
      1 2 0000060 
      1 20.25 0000060
      7 2.3 000001
      8 2.3 0000060
      1 2.4 000003600
      1 2.4 0000060
      3 25 000001
      4 2.5 0000060
      3 25 0000060
      1 2.5.3 000003600
      2 27 0000060
      1 28 000001
     33 30 000001
      1 30 000001  1 0000060
     18 30 0000060
      1 30 0000060 
     17 3 000001
      3 3 000003600
     56 3 0000060
      1 30.45 000001
      2 3.4 0000060
      3 3.5 000001
      7 3.5 0000060
      2 35 0000060
      1 3 . 6 000001
      1 36 000001
      1 3.6 0000060
      2 40 000001
      2 40 0000060
      8 4 000001
      1 4 000003600
     12 4 0000060
      1 4 0000060 
      4 4.5 000001
     12 45 000001
      1 4  5 0000060
      6 4.5 0000060
     10 45 0000060
      2 45.60 000001
      2 50 000001
     38 5 000001
      2 5 000001 
      1 5 000003600
      1   5 0000060 
    125 5 0000060
      1 5/10 000001
      4 5.10 000001
      9 5.10 0000060
      2 5.6 000001
      2 5.7 000001
      4 5.7 0000060
      2 5.8 0000060
      2 60 000001
      1 60 0000060
      3 6 000001
      4 6 0000060
      1 60.90 000001
      1 6.7 0000060
      1 6.8 000001
      1 70 000001
      2 7 000001
      2 7 0000060
      3 8 000001
     11 8 0000060
      2 8.10 000001
      2 8.10 0000060
      1 8.51 0000060
      1 88 000001
      3 90 000001
      1 9 0000060
